%NumGrains 246
%BeamCenter 12.448667
%BeamThickness 2.000000
%GlobalPosition 1.000000
%NumPhases 1
%PhaseInfo
%	SpaceGroup:225
%	Lattice Parameter: 3.592326 3.592326 3.592326 90.000000 90.000000 90.000000
%GrainID	O11	O12	O13	O21	O22	O23	O31	O32	O33	X	Y	Z	a	b	c	alpha	beta	gamma	DiffPos	DiffOme	DiffAngle	GrainRadius	Confidence	eFab11	eFab12	eFab13	eFab21	eFab22	eFab23	eFab31	eFab32	eFab33	eKen11	eKen12	eKen13	eKen21	eKen22	eKen23	eKen31	eKen32	eKen33	PhaseNr
27612	-0.101122	0.250211	0.962896	-0.330562	0.904419	-0.269730	-0.938351	-0.345572	-0.008746	191.428413	-343.485992	21.089333	3.593784	3.595468	3.594633	89.983688	89.933134	90.019155	245.973641	0.112438	0.131835	276.620013	0.777027	617.788092	18.354004	-583.781380	18.354004	940.959133	138.371952	-583.781380	138.371952	362.999313	19.628746	72.368224	-511.628852	72.368224	219.462634	85.972906	-511.628852	85.972906	-309.124537	1.000000	
28720	0.094522	0.963460	0.250621	-0.684702	-0.119832	0.718905	0.722668	-0.239553	0.648356	-153.472514	-23.409933	10.224464	3.593792	3.595272	3.594207	89.998492	90.009652	89.986532	233.511233	0.134358	0.134582	302.807144	0.826389	821.558960	-88.201084	-10.105303	-88.201084	573.683282	65.075363	-10.105303	65.075363	356.530301	28.769478	15.210715	14.103448	15.210715	24.999120	22.380140	14.103448	22.380140	-153.840224	1.000000	
27180	0.135347	-0.090379	0.986668	-0.246535	0.961439	0.121886	-0.959636	-0.259745	0.107846	-57.254020	9.300049	53.123711	3.593956	3.594468	3.594602	89.984155	89.919191	89.966590	252.892512	0.130754	0.140392	256.421408	0.695946	786.575527	23.453061	-656.827744	23.453061	439.985515	-375.141838	-656.827744	-375.141838	455.798689	160.853180	63.281137	-398.818088	63.281137	36.475104	-257.924994	-398.818088	-257.924994	-190.225928	1.000000	
25653	-0.107818	0.164600	0.980450	-0.832677	0.523855	-0.179514	-0.543161	-0.835753	0.080578	-92.543489	-176.091773	33.746022	3.594423	3.594343	3.594971	90.036301	90.014741	90.007541	264.481943	0.143470	0.147967	192.750842	0.601351	656.914396	-66.842227	340.262966	-66.842227	661.131134	-84.362951	340.262966	-84.362951	563.154581	-193.628680	-12.540475	244.691718	-12.540475	268.617661	21.382795	244.691718	21.382795	-84.933215	1.000000	
26407	0.940983	-0.091857	-0.325752	0.329668	0.466646	0.820707	0.076623	-0.879661	0.469388	113.656017	-81.064406	15.056576	3.593371	3.595543	3.594803	89.918679	89.983936	89.994958	271.689148	0.192242	0.165380	246.408950	0.695946	287.147181	-182.891791	182.565077	-182.891791	1324.312997	-432.000396	182.565077	-432.000396	263.432314	-305.883743	-70.807470	300.136696	-70.807470	601.145071	-126.253414	300.136696	-126.253414	-186.722725	1.000000	
27380	-0.121069	0.181808	0.975853	-0.983159	0.113615	-0.143142	-0.136896	-0.976748	0.164991	-270.373236	139.149070	-5.086524	3.595308	3.594350	3.593578	90.010773	89.986015	89.980757	252.099184	0.157659	0.143419	281.848279	0.898649	293.107744	-93.660237	53.620856	-93.660237	816.673356	167.436502	53.620856	167.436502	632.254669	30.165223	-32.025232	-62.464228	-32.025232	-119.414718	118.553411	-62.464228	118.553411	58.633594	1.000000	
27436	0.347637	0.104888	-0.931744	0.807297	0.471933	0.354332	0.476886	-0.875373	0.079386	392.579826	141.638023	57.217175	3.594727	3.594365	3.593846	90.006019	90.003158	89.986268	269.573433	0.144331	0.141896	256.120565	0.736486	491.129710	144.351407	-34.899680	144.351407	673.146786	-15.134197	-34.899680	-15.134197	494.742755	90.982719	72.615985	-184.937112	72.615985	-212.813265	-50.999979	-184.937112	-50.999979	-60.502513	1.000000	
25745	0.071847	-0.080979	-0.994123	0.865508	0.500420	0.021789	0.495715	-0.861987	0.106042	-394.157489	224.373855	-23.154913	3.594484	3.594313	3.593993	89.981301	90.027013	90.015855	250.321589	0.160219	0.141252	266.398305	0.844595	526.880004	130.680852	278.160547	130.680852	463.537957	70.519147	278.160547	70.519147	627.410993	-95.446325	-69.829488	257.820920	-69.829488	4.875871	34.645222	257.820920	34.645222	15.709510	1.000000	
25664	-0.071107	-0.863261	0.499724	0.727620	0.297796	0.617970	-0.682286	0.407551	0.606950	132.108276	56.907390	25.989779	3.595017	3.595209	3.595057	90.011840	89.988434	89.992426	225.881284	0.140424	0.133791	330.157612	0.810811	881.758017	18.808737	15.963098	18.808737	839.480130	-25.915623	15.963098	-25.915623	590.400553	-11.236279	63.080861	22.828327	63.080861	-18.281666	-11.165815	22.828327	-11.165815	15.129444	1.000000	
28630	0.170700	-0.065370	0.983152	-0.614145	0.773206	0.158042	-0.770511	-0.630776	0.091840	92.605537	-517.451764	-7.611864	3.594592	3.594741	3.593413	90.020541	90.000388	90.000499	272.009798	0.165925	0.149564	260.224066	0.763514	335.793953	-186.379082	87.148100	-186.379082	608.288186	-18.247377	87.148100	-18.247377	661.523076	-208.704699	-187.991981	74.830877	-187.991981	-237.143403	25.293397	74.830877	25.293397	361.055502	1.000000	
28157	-0.813156	-0.579576	-0.053566	0.171565	-0.326612	0.929457	-0.556186	0.746603	0.365022	396.777004	-490.269999	-10.759527	3.593990	3.595954	3.594463	90.001713	89.993302	90.025050	286.167617	0.175390	0.155644	255.542282	0.614865	445.185971	23.693340	-188.791570	23.693340	687.407870	-191.600721	-188.791570	-191.600721	935.200552	-365.468226	312.949382	-527.601891	312.949382	10.549157	47.572197	-527.601891	47.572197	132.089562	1.000000	
28670	0.074169	-0.566001	0.821061	-0.463583	0.709392	0.530899	-0.882944	-0.420007	-0.209774	-99.818863	-280.348478	22.349842	3.593585	3.595184	3.594894	90.002683	90.036303	89.977499	259.965780	0.131201	0.141383	271.829908	0.804054	705.467154	143.496689	375.105444	143.496689	686.361749	-131.662154	375.105444	-131.662154	469.050897	554.007296	136.736638	239.878200	136.736638	-234.031077	75.706206	239.878200	75.706206	-139.322324	1.000000	
28463	0.387972	0.911238	0.138282	-0.575693	0.122426	0.808449	0.719761	-0.393264	0.572091	60.168562	-73.123190	18.806703	3.592734	3.595073	3.595191	89.966093	90.028996	89.950688	262.180830	0.134852	0.141326	258.705331	0.797297	1018.903547	107.692308	94.341716	107.692308	803.685051	283.249759	94.341716	283.249759	-147.532403	73.466647	-83.889723	-85.575411	-83.889723	424.460597	212.363953	-85.575411	212.363953	-529.815861	1.000000	
27842	0.842163	-0.062651	-0.535571	0.421328	0.696308	0.581067	0.336518	-0.715004	0.612801	302.408580	265.764548	-5.674694	3.593356	3.595201	3.594510	90.032151	90.011124	90.001900	252.788271	0.146027	0.141865	305.100036	0.826389	451.393921	-42.324442	-201.398623	-42.324442	359.521366	-187.291482	-201.398623	-187.291482	883.781072	-37.570431	6.126473	-96.903579	6.126473	-15.571749	-200.098400	-96.903579	-200.098400	0.044727	1.000000	
26945	0.444145	0.894558	-0.050001	-0.515895	0.300970	0.802041	0.732521	-0.330428	0.595173	383.372266	274.516326	34.365553	3.596769	3.593763	3.595063	90.005611	90.015171	90.020983	260.491492	0.143621	0.143304	252.887905	0.909722	430.636176	-231.151594	111.125675	-231.151594	998.454396	-248.151339	111.125675	-248.151339	969.632020	142.764301	-24.644494	73.480009	-24.644494	-88.239913	-164.354423	73.480009	-164.354423	-49.526742	1.000000	
27131	-0.058096	-0.949550	-0.308188	0.704196	-0.257799	0.661550	-0.707625	-0.178592	0.683646	-307.041656	50.293603	-8.207411	3.595221	3.594868	3.594160	90.007388	89.995222	90.006683	227.329957	0.147511	0.135521	421.343426	0.944444	646.629922	99.055344	51.509871	99.055344	752.241940	-121.801304	51.509871	-121.801304	625.407815	-52.677601	-10.298515	-12.264249	-10.298515	-11.555036	-19.154941	-12.264249	-19.154941	61.751144	1.000000	
25853	0.070986	-0.996630	-0.041096	0.441693	-0.005534	0.897149	-0.894354	-0.081837	0.439811	94.138017	-362.403163	40.451052	3.595141	3.594138	3.595402	90.006995	89.995893	90.009046	238.715148	0.149456	0.138675	456.031743	0.885135	512.259700	86.810061	-65.049215	86.810061	871.523222	13.832006	-65.049215	13.832006	760.431062	-189.205422	19.288006	-101.093915	19.288006	43.677836	38.877232	-101.093915	38.877232	176.477867	1.000000	
28498	-0.364786	-0.035980	-0.930396	0.307800	0.938413	-0.156971	0.878744	-0.343637	-0.331245	-560.187441	-127.454386	46.342709	3.593039	3.593366	3.593563	89.965639	90.057746	89.967832	248.185619	0.122784	0.136566	251.104435	0.604167	10.171653	-225.710853	523.310740	-225.710853	404.683853	224.038012	523.310740	224.038012	416.651025	-490.401255	-296.323853	243.201690	-296.323853	-149.054844	204.531458	243.201690	204.531458	-79.523524	1.000000	
25680	-0.158910	0.737748	0.656107	-0.938708	-0.318803	0.131117	0.305900	-0.595057	0.743191	-478.889163	308.113669	-24.529912	3.595618	3.593775	3.595933	90.023113	90.006752	89.985097	237.295968	0.163273	0.147328	308.741930	0.625000	461.328147	104.968696	273.042207	104.968696	975.101100	73.518693	273.042207	73.518693	887.460946	52.537704	-125.508208	-31.435508	-125.508208	-4.069516	211.098562	-31.435508	211.098562	157.927333	1.000000	
26769	0.401712	-0.029669	0.915285	-0.215424	0.968366	0.125938	-0.890067	-0.247765	0.382613	-98.032236	42.291842	-5.172486	3.593875	3.593764	3.595118	89.994471	90.009749	90.010909	266.900997	0.132186	0.144067	239.024070	0.798611	658.179786	58.213587	172.714685	58.213587	463.801714	134.033862	172.714685	134.033862	486.772742	136.857354	-205.997578	10.927326	-205.997578	130.029338	124.572917	10.927326	124.572917	-126.966327	1.000000	
27610	-0.118083	0.763692	-0.634689	-0.353257	0.565042	0.745612	0.928044	0.312252	0.203057	78.919300	278.553576	20.775778	3.595084	3.595354	3.594115	89.990022	89.941902	89.985873	248.986460	0.119601	0.137604	306.970118	0.784722	672.191824	205.974680	-179.251317	205.974680	398.631690	368.586264	-179.251317	368.586264	1037.293990	8.070038	110.890203	-159.256225	110.890203	-192.003577	321.727210	-159.256225	321.727210	349.106825	1.000000	
25790	0.170129	-0.642669	-0.747016	0.977659	0.205043	0.046256	0.123443	-0.738196	0.663195	132.015965	-496.699146	-18.238227	3.594822	3.594235	3.595780	90.003617	90.007168	90.010386	233.586088	0.144525	0.133217	349.672641	0.902778	781.535385	117.128816	-196.202877	117.128816	645.866904	51.899034	-196.202877	51.899034	760.270502	41.595393	-13.711988	8.708222	-13.711988	57.854360	-35.938520	8.708222	-35.938520	-70.736133	1.000000	
26740	0.634994	0.771924	-0.030272	-0.377113	0.343940	0.859937	0.674217	-0.534639	0.509502	-16.144499	414.473778	39.972766	3.593991	3.595833	3.593657	90.018959	90.026681	90.040930	282.894423	0.171635	0.156996	219.356949	0.756944	435.115122	-73.447493	-413.424746	-73.447493	601.228562	-333.045952	-413.424746	-333.045952	773.646067	-449.132668	-20.036882	-228.042255	-20.036882	271.878364	-570.263703	-228.042255	-570.263703	-19.313264	1.000000	
26122	0.469710	-0.036667	-0.882059	0.577361	0.768604	0.275503	0.667852	-0.638673	0.382191	-292.774718	-48.017292	14.381442	3.594779	3.595051	3.595067	90.007397	90.028710	89.971514	219.658302	0.164661	0.134800	357.601053	0.939189	940.208409	202.563248	-38.795587	202.563248	847.250270	-101.951996	-38.795587	-101.951996	416.723840	40.749674	-4.328737	52.378254	-4.328737	64.700401	-0.706392	52.378254	-0.706392	-146.487976	1.000000	
27307	0.174022	-0.787535	-0.591190	0.964028	0.013758	0.265443	-0.200912	-0.616117	0.761600	-15.540715	158.477324	27.468084	3.594565	3.595094	3.594082	89.975823	90.028191	90.045943	275.477329	0.153282	0.147624	252.062482	0.812500	1024.690222	406.015182	-0.144215	406.015182	478.220567	11.084537	-0.144215	11.084537	378.989194	315.371286	-44.833841	-37.539699	-44.833841	101.669557	-78.808336	-37.539699	-78.808336	-379.937484	1.000000	
27318	0.063884	-0.204205	0.976841	-0.349637	0.912220	0.213562	-0.934705	-0.355183	-0.013121	243.126939	227.696826	68.796494	3.594969	3.594105	3.594768	90.003195	89.970634	90.032727	263.942663	0.144258	0.146562	252.120398	0.824324	722.796473	-111.700127	-289.529787	-111.700127	666.220027	238.577433	-289.529787	238.577433	521.408218	31.629731	-44.702842	-334.800127	-44.702842	163.788390	91.618632	-334.800127	91.618632	-230.407590	1.000000	
27308	0.177646	-0.881227	-0.438043	0.982874	0.181042	0.034391	0.048998	-0.436650	0.898296	-329.749138	336.939515	13.193367	3.596159	3.595604	3.595124	90.003501	90.014133	90.000640	236.319145	0.162618	0.139706	332.214706	0.912162	889.003268	89.427701	55.828832	89.427701	1050.823709	-108.058096	55.828832	-108.058096	818.422806	40.496025	-15.852133	36.514531	-15.852133	-128.826767	25.579396	36.514531	25.579396	55.492895	1.000000	
26505	0.202493	-0.979260	-0.006878	0.050847	0.003499	0.998700	-0.977963	-0.202579	0.050501	341.123347	-23.678010	-3.820737	3.596306	3.593673	3.595947	89.984069	89.994080	89.987312	268.182298	0.142860	0.144212	272.927795	0.878378	362.887541	-127.814971	-49.581941	-127.814971	1014.487242	-84.542242	-49.581941	-84.542242	1113.622791	145.823179	54.430557	112.284503	54.430557	-57.791833	-64.906474	112.284503	-64.906474	-37.043234	1.000000	
28064	-0.405866	0.913920	-0.004748	-0.137006	-0.055705	0.989003	0.903605	0.402053	0.147821	-332.365856	-79.505212	9.145166	3.595213	3.594694	3.595267	89.965756	89.995163	90.024520	240.382831	0.145814	0.138552	303.344160	0.851351	839.346290	282.693186	-157.893035	282.693186	770.263659	181.367847	-157.893035	181.367847	671.728860	-34.649878	98.728449	-231.183281	98.728449	-205.027649	104.417558	-231.183281	104.417558	306.355837	1.000000	
26303	-0.849558	0.527277	-0.015150	-0.263439	-0.399226	0.878190	0.457001	0.750065	0.478072	308.143734	-365.111224	28.309231	3.595487	3.592810	3.594539	90.037990	90.064258	90.033062	282.232898	0.160759	0.149057	215.638346	0.743243	921.959284	363.335643	-26.051817	363.335643	988.812753	-87.294853	-26.051817	-87.294853	-281.259687	442.863217	153.125047	127.494871	153.125047	262.951385	9.423307	127.494871	9.423307	-792.557350	1.000000	
26482	-0.575213	-0.007814	-0.817966	0.192782	0.970493	-0.144840	0.794962	-0.241002	-0.556734	413.094195	276.888448	49.362142	3.594468	3.594350	3.592833	90.007348	89.955254	90.019156	245.480020	0.148279	0.141103	238.670877	0.655405	656.963987	61.757279	-371.191045	61.757279	489.501768	-204.834579	-371.191045	-204.834579	154.075541	437.664458	-68.682605	-304.050228	-68.682605	18.363738	79.997825	-304.050228	79.997825	-749.027367	1.000000	
27309	0.056824	0.457417	-0.887435	-0.461326	0.800318	0.382974	0.885409	0.387635	0.256496	-67.178260	63.644508	-20.457128	3.594625	3.593041	3.595306	90.037206	89.959765	89.952177	258.126378	0.126376	0.141977	233.614060	0.708333	946.946611	30.200529	-140.297872	30.200529	-246.597646	66.142962	-140.297872	66.142962	967.432663	170.908767	-50.443932	-145.781025	-50.443932	-348.827309	232.577764	-145.781025	232.577764	487.968824	1.000000	
25841	0.162945	-0.972391	-0.167046	0.692312	-0.007944	0.721555	-0.702960	-0.233222	0.671903	158.992506	-101.801118	-11.689755	3.593285	3.594390	3.594314	89.996376	89.981679	89.992083	252.521933	0.144823	0.140387	234.102449	0.798611	545.568657	-100.638203	99.089343	-100.638203	574.741927	116.575779	99.089343	116.575779	274.653713	-293.732063	64.073834	12.985330	64.073834	112.345933	2.950647	12.985330	2.950647	31.272392	1.000000	
26610	0.876415	-0.029048	0.480680	-0.316925	0.716745	0.621156	-0.362569	-0.696730	0.618960	-476.225167	-466.133844	-14.939852	3.594501	3.593154	3.593196	90.038630	90.042524	90.015525	330.701031	0.191491	0.176682	227.314057	0.601351	224.332291	-442.768835	-51.768419	-442.768835	180.129936	205.759369	-51.768419	205.759369	672.929475	-57.956190	-34.060822	-102.199453	-34.060822	178.819123	-48.045393	-102.199453	-48.045393	-42.098373	1.000000	
27317	0.183456	-0.714422	-0.675237	0.891536	-0.168460	0.420458	-0.414135	-0.679134	0.606027	124.521396	-367.917727	26.267500	3.595225	3.595140	3.593574	90.043996	90.021309	90.010405	273.482568	0.171456	0.153609	213.948140	0.702703	284.509129	357.750760	78.322915	357.750760	667.161069	9.790646	78.322915	9.790646	985.663481	-365.638348	200.420657	167.284214	200.420657	137.609388	-23.563174	167.284214	-23.563174	254.210767	1.000000	
27319	0.177340	-0.620523	-0.763873	0.784802	0.557508	-0.270686	0.593832	-0.551485	0.585856	119.834933	-171.499182	18.207421	3.593495	3.594202	3.593749	89.994990	90.017222	89.985052	266.887970	0.146711	0.144994	226.840222	0.902778	496.019101	-18.063398	29.944121	-18.063398	556.666561	-109.189178	29.944121	-109.189178	191.246414	-189.972051	39.832385	-22.663517	39.832385	142.549328	-59.499483	-22.663517	-59.499483	-173.257875	1.000000	
25702	-0.171851	0.919259	-0.354160	-0.663907	0.157529	0.731034	0.727801	0.360759	0.583232	148.893047	-30.109239	22.505848	3.594640	3.595853	3.594764	90.009080	90.027879	90.014320	237.783535	0.145506	0.138725	314.129797	0.831081	995.253846	44.083632	83.639397	44.083632	915.156169	-13.805809	83.639397	-13.805809	394.033094	104.477556	104.992326	51.384094	104.992326	62.939534	-52.926170	51.384094	-52.926170	-304.124877	1.000000	
28581	-0.356105	-0.912009	0.203539	0.426444	0.035203	0.903829	-0.831465	0.408656	0.376385	204.418476	-119.187795	29.501572	3.594327	3.595095	3.594545	89.982218	90.004217	89.964406	211.278407	0.160250	0.137955	361.596491	0.628378	886.895385	-238.711579	86.123240	-238.711579	597.553470	149.995534	86.123240	149.995534	460.777469	223.712633	-159.806791	38.271285	-159.806791	-23.997102	-21.218147	38.271285	-21.218147	-169.176529	1.000000	
25704	-0.213683	0.086742	0.973045	-0.975982	-0.062195	-0.208783	0.042409	-0.994287	0.097948	-192.872386	232.475621	-10.085274	3.594599	3.594600	3.594026	89.995920	90.024009	90.002253	254.720357	0.141845	0.142792	292.096918	0.902778	575.699555	220.714731	-57.901844	220.714731	538.778656	13.335936	-57.901844	13.335936	624.517124	65.675912	39.896426	29.728483	39.896426	-93.703773	-14.616378	29.728483	-14.616378	54.712429	1.000000	
25705	-0.201720	0.068638	0.977035	-0.874760	0.436088	-0.211240	-0.440572	-0.897283	-0.027926	377.064908	-436.363782	-1.958030	3.595918	3.593784	3.594078	90.004107	90.019137	89.989204	255.411722	0.127376	0.142154	229.525924	0.621622	566.640796	194.936603	167.272262	194.936603	736.855310	259.211830	167.272262	259.211830	589.930091	-60.403041	32.158595	148.939418	32.158595	302.444414	145.081069	148.939418	145.081069	11.083790	1.000000	
26300	0.137629	0.028702	-0.990068	0.163251	0.985252	0.051256	0.976938	-0.168684	0.130913	-140.624736	-135.418338	-21.812617	3.593672	3.596334	3.593828	90.007819	90.027245	90.018167	230.982974	0.131583	0.136714	409.239384	0.750000	485.287951	99.796207	204.096456	99.796207	1032.181035	-296.419657	204.096456	-296.419657	390.785143	-174.619631	81.476563	151.968033	81.476563	44.472874	-203.450363	151.968033	-203.450363	-224.574445	1.000000	
27322	0.057259	0.949048	0.309887	-0.339475	-0.273393	0.900007	0.938871	-0.156732	0.306524	-79.511579	-280.671308	29.122182	3.593674	3.594173	3.594862	90.016797	90.018523	90.058360	248.153810	0.131879	0.136522	284.968557	0.810811	384.610655	124.198570	-524.112154	124.198570	729.824330	114.178482	-524.112154	114.178482	480.257438	-235.518643	234.800806	-390.722098	234.800806	-63.273845	134.664795	-390.722098	134.664795	84.484661	1.000000	
26555	0.944673	-0.015050	0.327669	-0.242402	0.640967	0.728287	-0.220986	-0.767421	0.601856	2.144236	-413.232594	-33.478295	3.594262	3.595247	3.595665	90.024585	89.961656	90.015905	275.217639	0.154197	0.157926	271.713009	0.763889	793.994048	167.087777	402.378400	167.087777	583.049503	-35.417060	402.378400	-35.417060	904.003594	124.348812	-48.687722	351.450789	-48.687722	-128.041197	146.850335	351.450789	146.850335	39.333242	1.000000	
25713	-0.213549	0.924423	-0.315974	-0.879377	-0.041004	0.474358	0.425551	0.379159	0.821672	-439.546141	-101.059616	-5.301446	3.595796	3.594520	3.594848	90.008243	90.010698	90.005159	230.372259	0.158125	0.136311	502.365218	0.932432	683.321778	40.287922	-87.162222	40.287922	983.573170	-43.411947	-87.162222	-43.411947	612.020005	-82.414236	-68.214548	-92.601909	-68.214548	-9.454952	-25.474787	-92.601909	-25.474787	109.762942	1.000000	
25826	0.228989	-0.785855	-0.574453	0.940364	0.331088	-0.078082	0.251556	-0.522315	0.814805	232.592087	-472.702303	7.176559	3.595136	3.593769	3.596254	89.984579	90.012499	90.014530	245.950002	0.151316	0.137942	310.289710	0.891892	845.809797	240.663178	-312.080464	240.663178	672.307955	58.034471	-312.080464	58.034471	759.020823	199.104503	64.533576	42.933108	64.533576	-26.154688	112.921725	42.933108	112.921725	-41.137304	1.000000	
28359	-0.765464	-0.014296	-0.643320	0.505979	0.604298	-0.615475	0.397555	-0.796630	-0.455334	-366.365622	-425.734748	6.983605	3.594616	3.595390	3.594852	90.011472	90.002289	89.963441	229.811767	0.144177	0.138637	390.699026	0.777027	650.061944	-90.689025	160.681011	-90.689025	1023.219028	-149.463766	160.681011	-149.463766	520.198554	112.289255	-5.678456	-41.925148	-5.678456	187.228346	-167.626920	-41.925148	-167.626920	-161.632133	1.000000	
28270	0.341920	0.938820	0.041328	-0.302044	0.068148	0.950855	0.889865	-0.337599	0.306866	-26.715861	-83.521381	-9.455749	3.593434	3.594334	3.594548	89.977651	90.032519	89.984008	268.075569	0.134328	0.143686	266.232857	0.840278	626.516294	77.858878	38.372312	77.858878	772.445083	-165.002884	38.372312	-165.002884	86.676200	165.027028	23.376761	230.385973	23.376761	273.168673	-113.194593	230.385973	-113.194593	-439.762976	1.000000	
26107	0.585789	0.145946	-0.797215	0.719673	0.358702	0.594478	0.372724	-0.921972	0.105090	-290.699417	219.250802	5.085305	3.595894	3.594555	3.594231	89.986364	89.992788	90.005960	223.303225	0.165483	0.141158	398.278200	0.858108	595.534272	145.555476	188.747642	145.555476	859.376453	79.915822	188.747642	79.915822	688.793515	-109.483700	17.366821	14.693964	17.366821	37.831880	34.544554	14.693964	34.544554	21.657929	1.000000	
28062	-0.815636	0.216631	-0.536478	-0.186774	0.779021	0.598533	0.547588	0.588385	-0.594937	-183.868624	155.581172	31.104941	3.594043	3.594886	3.594667	90.023777	89.997708	90.005236	264.638667	0.142558	0.144516	257.783864	0.916667	620.785845	66.812968	198.017017	66.812968	497.724696	63.142887	198.017017	63.142887	723.478738	-69.486804	125.083893	74.934039	125.083893	-188.583221	-114.915535	74.934039	-114.915535	127.025863	1.000000	
28083	0.411118	0.909909	0.055200	-0.157499	0.011257	0.987455	0.897873	-0.414655	0.147938	-23.147541	365.471126	59.657850	3.594592	3.595647	3.594402	89.995179	89.996349	89.969390	263.790719	0.130250	0.141600	270.042717	0.831081	1079.431364	13.586263	69.712601	13.586263	569.211133	21.420444	69.712601	21.420444	484.267095	203.832075	101.232704	17.626742	101.232704	-35.722821	74.946670	17.626742	74.946670	-119.521727	1.000000	
26653	0.683872	0.051418	0.727788	-0.267630	0.945659	0.184671	-0.678744	-0.321069	0.660470	20.296994	-275.383619	-8.653260	3.594124	3.595371	3.594549	90.003468	90.003050	90.015406	232.566689	0.143389	0.135340	350.352385	0.909722	525.808570	-71.700289	92.468679	-71.700289	874.981753	-25.233840	92.468679	-25.233840	565.949608	82.444100	-58.124765	50.140939	-58.124765	-163.540717	-77.150223	50.140939	-77.150223	97.602562	1.000000	
27214	0.023576	0.409466	-0.912021	0.720441	0.625528	0.299465	0.693115	-0.664117	-0.280249	-125.934298	-82.608652	122.197496	3.595314	3.596172	3.592398	90.024059	89.956609	89.959614	267.404367	0.118899	0.146729	273.273197	0.618056	344.069124	239.943940	-523.017202	239.943940	1254.941737	33.676846	-523.017202	33.676846	322.701618	-241.086709	224.544301	-225.637179	224.544301	256.058162	126.888921	-225.637179	126.888921	-296.479990	1.000000	
28846	-0.054421	0.473126	0.879312	-0.939763	-0.321888	0.115034	0.337465	-0.820085	0.462144	309.988184	99.613772	8.233107	3.594333	3.595636	3.594050	90.009575	90.001916	89.993088	246.967985	0.158243	0.140635	266.216106	0.844595	507.776796	-55.934737	-122.955418	-55.934737	641.559856	158.428769	-122.955418	158.428769	810.505645	149.260489	0.305797	-35.786673	0.305797	-135.886807	68.778513	-35.786673	68.778513	-41.954159	1.000000	
25843	0.254071	-0.651167	-0.715143	0.911470	0.408537	-0.048169	0.323529	-0.639593	0.697316	-430.556972	0.227795	38.297302	3.595243	3.593795	3.594253	89.993307	89.990154	89.994429	251.140518	0.133066	0.135255	266.748461	0.895833	507.269906	1.613691	-53.154911	1.613691	770.533191	164.451733	-53.154911	164.451733	479.693986	-59.094657	54.962538	-58.355152	54.962538	175.289533	54.779958	-58.355152	54.779958	-115.432458	1.000000	
28856	-0.072603	0.961003	0.266837	-0.994127	-0.091258	0.058173	0.080256	-0.261046	0.961984	-384.157126	-204.864555	39.246143	3.594253	3.593593	3.594525	90.028095	89.986301	90.016714	272.500861	0.141638	0.145187	279.544018	0.891892	262.050719	115.709780	-163.900273	115.709780	497.285811	-125.481205	-163.900273	-125.481205	741.823172	-226.490302	107.144139	-8.865073	107.144139	30.364891	-18.746834	-8.865073	-18.746834	238.746385	1.000000	
27462	0.196422	0.066131	-0.978287	0.255000	0.959947	0.116091	0.946781	-0.272266	0.171691	-418.802907	110.087896	0.845824	3.595044	3.594758	3.595380	90.024735	90.005843	90.002144	224.410316	0.147915	0.135042	393.614188	0.864865	892.765471	193.214254	-28.896984	193.214254	623.972998	-29.660135	-28.896984	-29.660135	766.599901	18.947686	36.256855	-12.138631	36.256855	-123.882752	11.325172	-12.138631	11.325172	174.419480	1.000000	
28289	-0.889485	-0.221790	-0.399531	0.430967	-0.697850	-0.572078	-0.151932	-0.681040	0.716311	-232.932279	-27.667357	-28.081542	3.594053	3.595242	3.594624	89.987366	90.000081	90.002167	223.758529	0.150259	0.133500	414.307435	0.875000	534.030306	122.139081	5.304116	122.139081	793.793635	83.250252	5.304116	83.250252	604.405689	-33.798551	3.957238	-6.363844	3.957238	-12.458906	-2.948346	-6.363844	-2.948346	37.387522	1.000000	
26077	0.156045	0.617463	-0.770967	0.311365	0.709985	0.631644	0.937391	-0.338617	-0.081467	106.822487	-6.190557	17.136365	3.593283	3.593137	3.595085	90.036320	90.033358	90.063416	284.251558	0.150770	0.149099	191.193172	0.689189	814.242812	-338.980539	-104.001647	-338.980539	-197.766107	-405.280299	-104.001647	-405.280299	642.834995	146.905328	-381.124387	-131.352401	-381.124387	-505.624384	-570.124924	-131.352401	-570.124924	354.148724	1.000000	
28182	-0.960725	-0.272745	-0.051168	0.272880	-0.962038	0.004451	-0.050439	-0.009686	0.998680	102.172330	79.821363	-5.261545	3.596043	3.594458	3.594434	90.007150	89.985780	90.001367	238.824345	0.134374	0.141513	379.782241	0.909722	1004.989696	-131.069557	-80.440728	-131.069557	633.486826	87.159977	-80.440728	87.159977	576.630920	-18.492789	-33.128680	-15.999566	-33.128680	6.841310	53.368792	-15.999566	53.368792	-78.923250	1.000000	
27362	-0.061835	0.027711	0.997702	-0.869157	0.489912	-0.067475	-0.490656	-0.871331	-0.006209	-285.461596	329.160666	21.560875	3.594672	3.595546	3.593976	89.971842	89.989887	89.986310	266.005525	0.154761	0.145891	325.563229	0.878378	462.614705	53.391371	-256.905659	53.391371	602.861915	-25.078199	-256.905659	-25.078199	943.137890	147.423254	-28.416136	-187.951714	-28.416136	-193.088065	-46.253590	-187.951714	-46.253590	244.203909	1.000000	
28233	0.812213	0.534465	0.233787	-0.508905	0.453251	0.731833	0.285175	-0.713380	0.640129	-279.283331	-243.131655	11.218564	3.594825	3.595016	3.594675	89.993229	90.017873	89.991806	235.436674	0.153551	0.137789	412.405647	0.868056	726.157737	-32.133441	-138.298925	-32.133441	806.700771	3.074330	-138.298925	3.074330	565.530353	60.446891	-21.007895	-13.428777	-21.007895	-41.410279	36.521542	-13.428777	36.521542	-29.513768	1.000000	
25743	0.021026	-0.797747	0.602625	0.631443	0.477920	0.610633	-0.775138	0.367684	0.513780	-7.856829	296.152225	38.589612	3.594194	3.593845	3.593557	89.986938	89.998044	89.972017	267.666130	0.143649	0.143631	230.987462	0.756757	276.298930	-164.807548	97.301740	-164.807548	658.826658	-55.429100	97.301740	-55.429100	350.220784	-119.367630	-8.180225	148.532578	-8.180225	347.357435	-57.531090	148.532578	-57.531090	-342.130670	1.000000	
27862	0.890622	-0.015685	-0.454473	0.412689	0.447636	0.793291	0.190996	-0.894078	0.405147	31.462040	383.480729	17.559496	3.594309	3.596551	3.593775	90.009125	90.017234	90.031226	267.771539	0.148456	0.142500	236.677364	0.824324	649.476886	-118.689632	180.909256	-118.689632	327.473986	-226.161063	180.909256	-226.161063	1153.996852	-103.020238	-80.118399	268.513104	-80.118399	-42.127926	-136.087334	268.513104	-136.087334	177.766811	1.000000	
27631	-0.186596	-0.458432	0.868920	-0.425100	0.835044	0.349272	-0.885704	-0.304205	-0.350695	326.201567	313.542462	29.670961	3.595485	3.596939	3.595389	90.025876	90.011209	90.003020	237.742740	0.128012	0.138210	334.456518	0.875000	1151.667780	-249.291298	144.675029	-249.291298	1074.213393	22.564967	144.675029	22.564967	790.302261	189.198905	61.726203	-30.542964	61.726203	94.209587	-22.841413	-30.542964	-22.841413	-136.617388	1.000000	
25984	0.198325	0.391179	-0.898691	0.476987	0.762483	0.437153	0.856242	-0.515362	-0.035368	-315.802241	375.388047	-11.278762	3.594931	3.592793	3.593662	89.942399	90.027865	89.991047	260.085816	0.118789	0.138353	204.536299	0.614865	94.193799	-187.777942	541.971094	-187.777942	601.975062	57.669406	541.971094	57.669406	530.253456	-276.620817	106.878468	637.809074	106.878468	-146.077553	116.722003	637.809074	116.722003	124.082014	1.000000	
27492	-0.300913	0.647314	0.700311	-0.930992	-0.040268	-0.362812	-0.206653	-0.761159	0.614761	10.587824	205.472919	-20.770837	3.594136	3.593899	3.594917	90.018195	89.993073	89.997930	256.725036	0.157486	0.144000	276.698836	0.888889	406.216022	-55.282489	129.394464	-55.282489	569.815054	-107.588283	129.394464	-107.588283	686.722595	-8.815959	-16.219713	53.744667	-16.219713	29.051759	-22.558000	53.744667	-22.558000	-3.473631	1.000000	
26436	0.898770	0.065963	-0.433430	0.232501	0.766439	0.598761	0.371694	-0.638921	0.673516	63.637754	328.942936	46.600434	3.594793	3.594219	3.594947	90.008415	90.060063	89.986294	288.403152	0.178297	0.159373	227.607982	0.790541	1120.681019	-143.002065	-328.343591	-143.002065	437.394204	-96.892198	-328.343591	-96.892198	384.709179	265.958256	10.224265	-170.361766	10.224265	-157.626738	-256.297180	-170.361766	-256.297180	-226.885551	1.000000	
26554	-0.229582	0.309061	-0.922916	0.184086	0.944917	0.270636	0.955722	-0.107762	-0.273830	116.862933	-551.185752	34.162537	3.594811	3.592532	3.595691	90.031716	89.940092	90.026977	254.006132	0.140131	0.142621	230.962001	0.655405	1252.648317	-111.971343	-424.846602	-111.971343	-28.280218	27.193698	-424.846602	27.193698	460.543157	490.144121	-136.944959	-236.311621	-136.944959	-186.435664	-69.869972	-236.311621	-69.869972	-213.658320	1.000000	
28161	-0.961066	-0.267225	0.070308	0.228261	-0.624392	0.747015	-0.155722	0.733979	0.661079	-453.311945	225.348940	45.848731	3.594154	3.594627	3.592945	90.024795	90.018898	89.964587	255.068797	0.145557	0.143248	247.884627	0.826389	705.572780	339.494719	-112.944137	339.494719	429.928680	-179.610793	-112.944137	-179.610793	185.822604	80.258161	28.602281	38.152086	28.602281	112.350215	-131.853712	38.152086	-131.853712	-399.817945	1.000000	
27376	0.240093	-0.791125	0.562563	0.642641	0.563877	0.518705	-0.727577	0.236989	0.643792	246.219436	-211.777240	42.144764	3.595781	3.593300	3.595028	89.986924	89.993692	90.014661	242.474310	0.136835	0.137676	298.127661	0.812500	425.173190	310.860090	-84.343609	310.860090	696.475524	-71.709859	-84.343609	-71.709859	863.500646	-118.175240	137.949358	-261.797389	137.949358	51.133825	-41.707884	-261.797389	-41.707884	70.999592	1.000000	
26521	-0.924113	-0.290593	-0.248136	0.369969	-0.842874	-0.390752	-0.095598	-0.452902	0.886420	40.455003	-254.529339	-10.224275	3.594434	3.595338	3.593409	89.973202	89.985082	89.994371	254.703361	0.163085	0.141605	314.582304	0.905405	710.220173	177.516892	-19.844928	177.516892	807.727143	104.685149	-19.844928	104.685149	208.402675	-56.748779	42.791278	-79.242108	42.791278	57.984093	40.934630	-79.242108	40.934630	-27.589706	1.000000	
28147	0.810151	0.311334	0.496716	-0.366242	0.930412	0.014178	-0.457736	-0.193404	0.867798	-185.804940	266.564490	10.006920	3.593341	3.594608	3.593334	89.989288	90.001874	89.994633	279.624827	0.169703	0.153813	224.074034	0.837838	355.647509	178.586751	-27.531144	178.586751	558.617885	0.431176	-27.531144	0.431176	284.232673	-53.272392	-18.586028	-32.708038	-18.586028	243.934802	-144.744509	-32.708038	-144.744509	-260.115921	1.000000	
27467	0.190617	-0.932029	0.308199	0.222900	0.346849	0.911050	-0.956024	-0.104964	0.273864	13.578290	-13.696638	5.592057	3.593838	3.595278	3.595331	90.005293	89.992007	90.000434	247.467915	0.149126	0.141427	321.563644	0.905405	844.736576	38.845533	67.361975	38.845533	812.591992	33.919272	67.361975	33.919272	421.934510	-10.131696	56.502590	-66.677017	56.502590	8.065152	52.700096	-66.677017	52.700096	23.722488	1.000000	
27381	0.283008	-0.562214	-0.777060	0.811643	-0.291283	0.506350	-0.511022	-0.773996	0.373881	354.677951	314.713241	32.125105	3.596118	3.594136	3.594244	90.051051	89.981379	90.014594	250.781507	0.139275	0.141277	248.163032	0.756757	145.664584	130.137586	-189.963812	130.137586	1200.410957	68.346170	-189.963812	68.346170	747.015256	-366.486805	157.301781	-422.972119	157.301781	262.926174	163.636233	-422.972119	163.636233	-180.602735	1.000000	
27390	-0.093561	0.794605	0.599874	-0.799819	-0.418796	0.429999	0.592904	-0.439560	0.674723	7.887784	319.932808	3.270993	3.594317	3.593957	3.593882	89.985680	90.016513	89.979518	273.614426	0.202204	0.157998	183.553490	0.635135	556.122270	-18.221648	69.596010	-18.221648	688.133779	-52.926417	69.596010	-52.926417	196.952364	221.016679	31.510337	324.589185	31.510337	246.934356	-72.035457	324.589185	-72.035457	-362.834137	1.000000	
26611	0.890403	-0.308578	0.334606	-0.323353	0.088557	0.942126	-0.320351	-0.947068	-0.020928	146.166993	-394.365820	-28.816845	3.594625	3.594811	3.594637	90.007901	90.025360	90.015652	258.205795	0.158444	0.144608	236.002575	0.858108	602.636872	-168.524539	166.205642	-168.524539	774.666414	84.613029	166.205642	84.613029	597.804386	-117.430985	35.588386	39.897425	35.588386	117.876284	67.491474	39.897425	67.491474	66.491439	1.000000	
26817	-0.506122	-0.812290	0.289871	0.651122	-0.139470	0.746048	-0.565579	0.566333	0.599489	-117.208523	312.918606	76.108891	3.594556	3.595893	3.594612	90.001850	89.989615	90.008526	238.253501	0.145172	0.136316	364.287663	0.868056	787.473684	72.932267	-218.556569	72.932267	741.634073	-64.177815	-218.556569	-64.177815	720.954992	62.264298	12.796913	-45.832415	12.796913	-103.905098	29.051231	-45.832415	29.051231	16.250990	1.000000	
25774	0.016342	-0.978396	-0.206093	0.464350	-0.175118	0.868166	-0.885501	-0.109887	0.451456	-194.946184	72.322563	16.424956	3.593563	3.594867	3.595811	90.007899	89.980137	89.990274	230.008061	0.128892	0.132187	354.958184	0.817568	686.690668	-46.646799	116.049696	-46.646799	974.176560	176.185239	116.049696	176.185239	361.060977	214.865151	-115.419788	-56.040422	-115.419788	121.547070	70.425332	-56.040422	70.425332	-360.862041	1.000000	
28221	-0.939393	-0.341073	-0.034788	0.338484	-0.938793	0.064001	-0.054488	0.048347	0.997343	263.379898	269.096568	-11.484678	3.595747	3.594645	3.594842	90.001147	90.001427	90.004829	223.526287	0.139188	0.135534	495.881792	0.888889	888.219102	-129.220912	30.009279	-129.220912	708.326474	0.185894	30.009279	0.185894	701.675403	-38.362772	-4.139549	3.970880	-4.139549	-1.715276	-4.407262	3.970880	-4.407262	-3.077611	1.000000	
27643	-0.207760	0.962514	-0.174365	-0.433437	0.069215	0.898522	0.876909	0.262253	0.402809	-57.028029	25.450407	56.047550	3.594193	3.594978	3.594759	90.005282	89.972759	89.990433	236.884534	0.126046	0.133476	336.440741	0.840278	726.267793	-111.981891	38.044896	-111.981891	452.031450	190.408188	38.044896	190.408188	756.903656	66.912944	34.797240	110.946795	34.797240	-277.154914	158.074156	110.946795	158.074156	221.078885	1.000000	
26946	0.517023	0.301625	0.801068	-0.621441	0.775848	0.108959	-0.588642	-0.554151	0.588573	-90.946846	319.001782	10.380452	3.595289	3.594801	3.594596	90.001685	89.990522	89.989641	228.213964	0.142189	0.133550	431.337398	0.854167	778.438688	-75.505748	-120.121375	-75.505748	639.814421	-5.469132	-120.121375	-5.469132	727.596674	9.104497	-17.653643	-10.637198	-17.653643	-19.468841	-21.715605	-10.637198	-21.715605	-45.201125	1.000000	
28511	-0.578367	-0.811175	0.086530	0.622412	-0.370218	0.689595	-0.527347	0.452696	0.719007	112.817026	-449.535437	17.088019	3.594234	3.594998	3.595157	89.992675	89.992632	90.012772	246.419297	0.173182	0.150218	254.230414	0.797297	552.886769	51.636417	-145.139050	51.636417	756.412912	46.959355	-145.139050	46.959355	753.654737	-126.643804	-81.479037	0.324026	-81.479037	95.252125	-28.719744	0.324026	-28.719744	49.235742	1.000000	
27187	0.031545	-0.403901	-0.914259	0.476974	0.809923	-0.341350	0.878351	-0.425310	0.218199	375.048102	427.346673	48.656389	3.593887	3.595505	3.594492	89.993648	89.912353	89.997100	263.695714	0.112631	0.139024	225.607410	0.702703	644.930792	-474.357259	-558.091128	-474.357259	488.904069	-287.282370	-558.091128	-287.282370	787.186519	-202.866367	-316.734574	-318.496513	-316.734574	152.066251	-50.779164	-318.496513	-50.779164	-204.845503	1.000000	
27195	0.034709	-0.230859	-0.972368	0.483687	0.855293	-0.185798	0.874553	-0.463873	0.141349	359.366142	142.082174	-0.754165	3.595945	3.595929	3.593715	90.034942	89.959443	89.997664	254.594186	0.124112	0.138578	293.606516	0.871622	258.872413	-41.083167	-346.928752	-41.083167	1032.896192	-67.691230	-346.928752	-67.691230	1104.705847	-254.688533	-47.153182	-457.184675	-47.153182	170.808387	-67.673445	-457.184675	-67.673445	48.211722	1.000000	
25902	0.348914	-0.852337	-0.389590	0.924303	0.244373	0.293163	-0.154669	-0.462388	0.873083	244.335807	-307.773443	13.150579	3.595840	3.594592	3.594039	89.997687	89.996578	90.004593	229.643823	0.153600	0.136424	441.574873	0.905405	678.925788	143.060420	34.320251	143.060420	915.238982	-46.028785	34.320251	-46.028785	491.730266	-71.861105	29.561086	-95.189139	29.561086	-5.680424	-31.112703	-95.189139	-31.112703	66.844285	1.000000	
25912	0.339785	-0.771192	-0.538339	0.885153	0.068753	0.460193	-0.317885	-0.632879	0.705984	266.067364	15.366667	-0.988635	3.594041	3.595409	3.594997	89.999530	89.988581	90.009968	235.612198	0.142456	0.134732	357.980022	0.895833	793.523440	-62.271913	122.239529	-62.271913	606.421402	167.260328	122.239529	167.260328	679.101051	-30.935109	37.135113	-73.040474	37.135113	-73.347143	177.117953	-73.040474	177.117953	164.566916	1.000000	
26136	-0.318066	0.344679	-0.883193	-0.154234	0.900349	0.406919	0.935439	0.265646	-0.233209	-507.624887	40.398753	-10.648155	3.595986	3.595861	3.593960	89.985548	90.024438	89.990829	231.604427	0.135329	0.136064	408.603694	0.930556	360.410232	80.476891	20.517627	80.476891	994.158976	7.610122	20.517627	7.610122	1102.967343	-119.622401	2.594010	143.756980	2.594010	19.996383	21.836445	143.756980	21.836445	130.424215	1.000000	
28712	-0.264873	-0.907538	0.325910	0.545618	0.137621	0.826657	-0.795075	0.396782	0.458716	111.072496	126.947834	2.754101	3.593957	3.594523	3.594516	90.026562	89.983325	89.983417	253.838564	0.142404	0.139759	324.799320	0.858108	781.888483	102.880607	67.030797	102.880607	663.658433	-66.841589	67.030797	-66.841589	229.519966	380.095437	13.058222	33.036805	13.058222	229.581635	83.105500	33.036805	83.105500	-335.733601	1.000000	
27422	0.283648	0.675829	-0.680293	0.644744	0.390729	0.656990	0.709823	-0.624969	-0.324907	371.252239	89.308794	57.018309	3.594834	3.595270	3.593593	90.016697	89.978470	89.973904	244.258513	0.123245	0.133711	268.187209	0.805556	742.608960	237.663432	-196.864394	237.663432	766.739795	142.095340	-196.864394	142.095340	360.846750	7.330337	23.709970	-211.601029	23.709970	91.935508	90.029582	-211.601029	90.029582	-87.834909	1.000000	
26011	0.235928	0.659987	-0.713271	0.481566	0.558124	0.675716	0.844057	-0.502907	-0.186151	-526.559474	-186.493981	41.848792	3.595850	3.594842	3.594528	89.973214	90.024916	89.928192	230.000024	0.137252	0.136149	414.961781	0.810811	719.808195	407.085753	515.002865	407.085753	1097.341188	59.991710	515.002865	59.991710	476.257443	231.889972	177.163080	447.111764	177.163080	269.055797	-76.004650	447.111764	-76.004650	-567.392410	1.000000	
