%NumGrains 194
%BeamCenter -341.689867
%BeamThickness 2000.000000
%GlobalPosition 0.000000
%NumPhases 1
%PhaseInfo
%	SpaceGroup:194
%	Lattice Parameter: 2.930000 2.930000 4.676100 90.000000 90.000000 120.000000
%GrainID	O11	O12	O13	O21	O22	O23	O31	O32	O33	X	Y	Z	a	b	c	alpha	beta	gamma	DiffPos	DiffOme	DiffAngle	GrainRadius	Confidence	eFab11	eFab12	eFab13	eFab21	eFab22	eFab23	eFab31	eFab32	eFab33	eKen11	eKen12	eKen13	eKen21	eKen22	eKen23	eKen31	eKen32	eKen33	RMSErrorStrain	PhaseNr
7861	-0.280444	0.780454	-0.558787	-0.244889	0.504708	0.827828	0.928106	0.369000	0.049582	-77.716253	-156.765280	-285.550511	2.929901	2.929141	4.676554	90.015389	89.965317	120.031548	53.066130	0.014487	0.017853	42.087676	1.000000	179.637048	-142.968218	-335.296527	-142.968218	-165.113329	58.239738	-335.296527	58.239738	-562.452843	154.904159	-49.966703	-416.631923	-49.966703	-11.555412	128.716585	-416.631923	128.716585	-670.400216	397.733113	1.000000	
9991	-0.608541	0.302414	0.733637	0.679674	-0.278509	0.678584	0.409538	0.911580	-0.036059	271.118765	-33.874571	-100.769713	2.930252	2.930413	4.677309	89.957131	90.022544	120.062347	41.040550	0.013313	0.014751	70.295720	0.972222	321.357505	142.745468	637.307354	142.745468	-72.604858	-227.723354	637.307354	-227.723354	-392.503271	188.938436	244.348463	652.949889	244.348463	-149.559195	-220.348648	652.949889	-220.348648	-346.095659	266.093913	1.000000	
5611	0.574571	-0.632285	-0.519696	0.189266	-0.515115	0.835963	-0.796270	-0.578681	-0.176300	355.001506	-257.169329	-520.279202	2.931388	2.929976	4.672940	90.108259	89.936833	120.002868	134.124148	0.059990	0.065544	39.071299	0.900000	-596.033513	688.216185	-657.958086	688.216185	415.483012	287.648837	-657.958086	287.648837	-60.630925	-914.249859	405.269898	-841.486831	405.269898	314.130588	221.449714	-841.486831	221.449714	219.518094	660.871866	1.000000	
9955	-0.400561	-0.737786	-0.543345	-0.308478	-0.449793	0.838169	-0.862782	0.503348	-0.047422	83.792681	142.538264	-592.530892	2.934382	2.927316	4.674897	90.019036	89.993400	119.946884	111.923515	0.050891	0.058102	35.232170	0.984375	-531.505633	36.532163	960.055526	36.532163	-96.817167	651.404355	960.055526	651.404355	1486.258040	-542.087139	-146.432834	685.945317	-146.432834	-355.394729	619.364951	685.945317	619.364951	1729.614493	597.633400	1.000000	
9845	-0.517813	-0.789044	-0.330575	0.044697	-0.410839	0.910612	-0.854325	0.456751	0.248005	475.851421	-220.336280	-574.594141	2.932459	2.929841	4.676349	89.955438	90.015317	120.001206	61.843885	0.025925	0.027094	52.035585	1.000000	201.033177	-361.144412	139.644409	-361.144412	-238.802579	-40.635818	139.644409	-40.635818	863.504108	189.392350	-490.996554	196.026278	-490.996554	-365.643569	-162.952350	196.026278	-162.952350	851.912584	371.355537	1.000000	
9830	-0.706123	0.590813	0.390297	-0.181994	0.381250	-0.906381	-0.684302	-0.711048	-0.161685	-382.477449	-259.081308	-548.272515	2.928907	2.928891	4.677685	90.037490	89.968796	120.019428	61.964535	0.023490	0.026097	48.613815	1.000000	-441.415573	-15.991154	-51.025243	-15.991154	495.745487	-5.108637	-51.025243	-5.108637	-662.654550	-501.462770	-40.924768	22.838491	-40.924768	459.096170	-26.043509	22.838491	-26.043509	-655.364776	295.766555	1.000000	
5847	-0.746190	0.585527	0.316793	-0.310041	0.115458	-0.943686	-0.589131	-0.802388	0.095384	-79.614487	-215.644479	-355.895527	2.930500	2.931661	4.676734	89.967583	90.021449	120.056716	46.412488	0.013733	0.016059	56.673011	1.000000	446.907774	-171.224691	-577.667565	-171.224691	24.449141	-17.108018	-577.667565	-17.108018	-170.361684	484.845513	-120.731650	-640.507424	-120.731650	-327.621491	285.135707	-640.507424	285.135707	-172.830167	271.300663	1.000000	
4619	-0.003619	0.998998	0.044598	-0.456160	-0.041337	0.888937	0.889890	-0.017127	0.455853	-137.045573	-217.311670	-250.409070	2.930446	2.929352	4.677817	89.983309	89.958953	120.074683	72.090302	0.020936	0.029246	37.961880	0.969697	-201.713755	486.033490	-576.942594	486.033490	-278.428234	700.201993	-576.942594	700.201993	24.458821	-45.157343	525.623049	-378.747712	525.623049	-444.658889	667.617518	-378.747712	667.617518	72.643384	540.762732	1.000000	
10068	0.021863	-0.979348	-0.200995	-0.066405	-0.202022	0.977127	-0.997553	-0.008016	-0.069450	-66.230625	-217.053334	-220.831595	2.930851	2.929795	4.675066	89.994072	90.023394	120.037438	58.836268	0.016231	0.023067	83.842750	1.000000	-35.580165	-50.969561	-459.890679	-50.969561	-219.664678	122.169192	-459.890679	122.169192	-123.260493	132.879089	-144.175914	-517.131679	-144.175914	-362.296278	198.114436	-517.131679	198.114436	-117.216541	470.153188	1.000000	
8418	-0.951532	0.290300	-0.101552	-0.019134	0.273677	0.961631	0.306954	0.916966	-0.254858	-264.952547	-217.732156	-125.519716	2.929624	2.928284	4.675473	90.029274	89.988488	119.960185	40.846403	0.015024	0.016061	71.631483	1.000000	86.045453	-121.279723	-371.768474	-121.279723	-303.166202	-318.168760	-371.768474	-318.168760	-229.931496	145.714807	-155.518162	-389.955960	-155.518162	-160.438479	-315.652349	-389.955960	-315.652349	-235.053810	257.863782	1.000000	
11007	0.680014	0.719520	0.140967	-0.035760	0.224582	-0.973799	-0.732326	0.657156	0.178449	-510.525571	-109.224752	-352.854976	2.930877	2.929889	4.679003	89.947971	90.014188	120.046191	85.272514	0.019890	0.033310	46.484721	0.972222	-459.478123	-534.162463	223.063177	-534.162463	404.328846	-211.973083	223.063177	-211.973083	471.005614	-585.300461	-463.284658	207.618178	-463.284658	347.339564	-469.339240	207.618178	-469.339240	497.839020	389.112745	1.000000	
4482	-0.032640	-0.980149	0.195558	0.074364	-0.197501	-0.977478	0.996697	-0.017362	0.079334	-184.947615	19.564285	-148.155043	2.930254	2.931630	4.676500	90.052938	89.944869	120.029404	45.485103	0.026786	0.024918	129.330904	1.000000	702.960765	-311.786959	228.532552	-311.786959	-114.585829	-276.546454	228.532552	-276.546454	-156.677648	709.593401	-320.145152	305.304247	-320.145152	-223.560160	-476.186402	305.304247	-476.186402	-154.094882	288.990662	1.000000	
5049	0.440744	-0.896664	0.041704	-0.277882	-0.180472	-0.943510	0.853538	0.404258	-0.328708	-344.945972	-56.196765	-597.859068	2.928887	2.931142	4.672944	90.010691	90.049912	120.044304	71.250858	0.027534	0.034003	29.928551	0.705882	267.858916	322.669615	-314.802323	322.669615	-992.120865	429.696859	-314.802323	429.696859	-388.019076	-148.338872	468.538858	-437.058641	468.538858	-229.868440	392.416654	-437.058641	392.416654	-279.255802	402.260547	1.000000	
8196	-0.691710	0.606491	-0.392053	-0.167831	0.393014	0.904087	0.702403	0.691164	-0.170064	-570.372140	-56.803209	-528.101663	2.929870	2.929216	4.679373	90.084299	89.936006	120.032098	70.581320	0.089113	0.078093	86.231058	0.942857	590.692150	-639.427608	371.241649	-639.427608	-23.707400	-456.547414	371.241649	-456.547414	-503.422400	507.945626	-558.950613	278.220187	-558.950613	171.847769	-343.957750	278.220187	-343.957750	-354.600458	436.769453	1.000000	
7581	-0.065242	0.844391	-0.531741	0.632422	-0.377201	-0.676581	-0.771872	-0.380426	-0.509402	-328.930204	-55.804761	-170.261992	2.929488	2.930006	4.676271	90.048012	89.891685	120.037417	87.510470	0.025958	0.030443	42.174202	0.970588	474.641112	-210.797424	626.018171	-210.797424	-1013.954221	250.638581	626.018171	250.638581	24.326874	294.246190	-298.291901	473.404882	-298.291901	-798.759612	70.633294	473.404882	70.633294	-13.166361	414.768894	1.000000	
4287	-0.854961	0.457658	-0.244112	-0.234250	0.079221	0.968943	0.462784	0.885592	0.039475	-97.373960	-222.196492	-473.115657	2.930434	2.929090	4.676016	89.998242	89.941099	119.975000	57.900087	0.019508	0.025381	66.825229	0.982143	406.587778	-400.210277	-421.918466	-400.210277	-271.200483	197.378425	-421.918466	197.378425	-64.855321	324.882311	-237.419039	-339.303524	-237.419039	-385.746589	86.202863	-339.303524	86.202863	-81.615688	474.565501	1.000000	
10854	0.960902	0.236957	-0.143244	0.165887	-0.078450	0.983019	0.221696	-0.968348	-0.114691	-628.288116	35.890678	-280.071040	2.929215	2.928292	4.674951	89.895264	90.093190	119.938402	150.506085	0.071209	0.088034	63.628660	0.728571	541.888476	-70.381645	-27.434131	-70.381645	-518.116803	-1026.550350	-27.434131	-1026.550350	-502.402614	-367.846279	-302.243046	146.236015	-302.243046	-148.160775	-553.495080	146.236015	-553.495080	342.272552	447.728458	1.000000	
3868	-0.476609	-0.867878	0.140114	0.192775	-0.258678	-0.946532	0.857719	-0.424116	0.290593	-219.874342	-240.765131	-231.747929	2.929432	2.930163	4.675159	90.027048	89.985387	119.979669	47.099395	0.020392	0.024064	67.816785	0.971429	302.771944	-152.933441	-54.100422	-152.933441	-320.619919	-97.757294	-54.100422	-97.757294	-116.763644	239.622455	-86.566010	-126.088468	-86.566010	-161.373590	-124.888678	-126.088468	-124.888678	-196.192221	364.219070	1.000000	
5439	-0.655017	-0.726698	0.207032	-0.466954	0.173886	-0.867016	0.594059	-0.664585	-0.453233	-27.050656	-141.805766	-589.550142	2.928861	2.926245	4.676309	90.051243	89.991523	119.934564	45.525585	0.021276	0.020459	66.903421	1.000000	-80.150341	-71.670550	-885.197739	-71.670550	-2.255034	50.556886	-885.197739	50.556886	-885.272472	-171.030021	-30.836002	-925.883564	-30.836002	140.139522	8.627107	-925.883564	8.627107	-880.892804	233.508994	1.000000	
8916	-0.548366	0.824803	-0.137822	0.046180	0.194428	0.979829	0.834962	0.530940	-0.144707	-143.185828	-146.678885	-342.101871	2.930526	2.927536	4.677062	90.057979	89.942315	119.985310	43.754431	0.014390	0.016355	49.092059	0.958333	-161.256808	-712.022064	-493.204192	-712.022064	-3.070341	-148.273655	-493.204192	-148.273655	-144.231326	-153.856121	-641.664058	-529.302869	-641.664058	-62.012684	-223.097404	-529.302869	-223.097404	-162.471912	273.008146	1.000000	
8999	0.596669	-0.800402	0.057819	0.267426	0.130389	-0.954716	0.756617	0.585111	0.291848	-40.021866	-124.170256	-317.027529	2.929338	2.929803	4.677895	89.972413	90.012633	120.075983	51.488513	0.011294	0.017063	41.693902	0.972222	172.528103	90.841642	-297.203268	90.841642	168.863617	-603.152964	-297.203268	-603.152964	-1017.297768	144.946470	125.017935	-313.781532	125.017935	287.628114	-467.453920	-313.781532	-467.453920	-981.838142	346.321878	1.000000	
4952	0.945185	-0.312790	0.093740	0.153018	0.170677	-0.973373	0.288462	0.934362	0.209183	95.609049	-53.658044	-484.050876	2.935112	2.931242	4.673819	90.063958	89.860768	120.068060	270.857995	0.139190	0.166582	30.848147	0.700000	1780.394224	-1096.005754	-387.642824	-1096.005754	-613.152113	244.493933	-387.642824	244.493933	-176.943173	1800.585595	-551.304920	-181.504299	-551.304920	-1217.556272	-401.308785	-181.504299	-401.308785	81.695539	1173.748604	1.000000	
8287	0.699822	0.367866	-0.612310	0.714215	-0.374833	0.591098	-0.012069	-0.850985	-0.525052	-151.103864	-251.565626	-161.188734	2.929098	2.930695	4.676704	89.968988	90.054376	119.991469	71.683299	0.017893	0.025319	38.616527	0.970588	304.628668	-60.103542	59.770081	-60.103542	-609.617521	-35.778648	59.770081	-35.778648	448.842024	417.259880	-123.862217	19.518862	-123.862217	-1058.581005	-127.553161	19.518862	-127.553161	518.348035	395.871841	1.000000	
9068	0.981910	0.010257	0.189071	0.163452	0.458147	-0.873719	-0.095584	0.888817	0.448183	-42.285199	-220.493714	-557.211079	2.931762	2.929480	4.675261	89.947025	89.992075	120.070523	122.255408	0.026798	0.041438	27.552455	0.736111	0.490910	-619.450697	-513.250934	-619.450697	-772.337078	-295.436869	-513.250934	-295.436869	303.754423	116.812141	-476.281669	-494.326814	-476.281669	-939.748666	66.176100	-494.326814	66.176100	129.513080	725.895629	1.000000	
9960	0.634979	-0.754215	-0.167216	-0.116342	-0.307344	0.944460	-0.763719	-0.580258	-0.282904	-295.517957	-124.494808	-487.757644	2.929449	2.926412	4.680426	89.916545	90.015396	120.000167	41.833261	0.023021	0.022549	82.958352	1.000000	-332.342695	-700.611066	-250.970497	-700.611066	204.813478	-1091.318294	-250.970497	-1091.318294	-362.981200	-418.581595	-589.141342	-231.130522	-589.141342	291.196304	-948.123610	-231.130522	-948.123610	-380.783931	270.009291	1.000000	
9772	0.830945	-0.435037	-0.346803	0.204588	-0.340740	0.917627	-0.517372	-0.833450	-0.194133	421.693913	-222.183362	-100.832013	2.927079	2.930195	4.677450	89.928303	90.049835	119.926062	53.771848	0.022038	0.024062	44.548784	0.965517	-546.426065	-752.483378	-61.631983	-752.483378	-336.570658	-365.383915	-61.631983	-365.383915	983.896053	-482.015566	-858.404846	19.146318	-858.404846	-462.854341	-363.923768	19.146318	-363.923768	924.867023	361.495486	1.000000	
10049	-0.215487	-0.757358	-0.616420	-0.307210	0.651777	-0.693404	0.926924	0.039951	-0.373118	-232.478135	-37.055301	-233.365205	2.926717	2.929118	4.677681	89.889344	90.078040	119.984098	42.594959	0.036282	0.022580	70.078952	1.000000	873.462826	306.931430	372.921942	306.931430	-1176.941298	434.356863	372.921942	434.356863	-621.751821	806.369621	254.215767	355.782771	254.215767	-976.944608	456.422830	355.782771	456.422830	-580.781713	237.606723	1.000000	
4155	0.612480	0.776876	-0.146055	0.314364	-0.069854	0.946729	0.725289	-0.625767	-0.287006	111.826537	90.436789	-300.367382	2.930556	2.935431	4.674003	89.994704	90.115440	119.978344	56.881388	0.031415	0.030914	52.590262	1.000000	2091.134404	-398.084989	-304.993837	-398.084989	-1064.924691	-574.770165	-304.993837	-574.770165	784.442058	2133.492168	-459.936115	-240.596801	-459.936115	-929.722651	-308.797696	-240.596801	-308.797696	661.084127	308.260421	1.000000	
5091	-0.997075	-0.070709	-0.029011	0.001942	-0.402906	0.915239	-0.076404	0.912506	0.401865	-482.343936	-179.604374	-407.033219	2.929100	2.929418	4.678069	89.902609	90.066943	119.989176	40.689937	0.012053	0.015029	71.122253	1.000000	-186.989473	156.753552	-94.481437	156.753552	-307.260990	817.412014	-94.481437	817.412014	517.075939	-300.208676	118.176528	-52.668446	118.176528	-240.645063	733.617484	-52.668446	733.617484	532.969972	269.693424	1.000000	
8878	0.142516	0.982568	-0.119371	0.126012	0.101609	0.986811	0.981738	-0.155679	-0.109334	-354.685349	-250.200136	-268.681263	2.930946	2.929778	4.676000	90.043017	89.979603	120.069712	66.027219	0.017359	0.026029	80.871388	1.000000	-195.698426	-472.768712	-688.844052	-472.768712	-124.181497	-50.337919	-688.844052	-50.337919	-158.249316	-244.142253	-385.945759	-629.034003	-385.945759	-60.074348	-126.201196	-629.034003	-126.201196	-154.999980	254.880807	1.000000	
7457	0.623236	0.739574	0.254179	0.544239	-0.176775	-0.820094	-0.561588	0.649446	-0.512678	542.234030	-59.757977	-141.284698	2.929323	2.929893	4.678123	90.022474	90.014477	119.980260	75.221994	0.052905	0.045273	93.283301	1.000000	50.113336	194.654290	96.787542	194.654290	410.725076	339.065971	96.787542	339.065971	-97.041956	-52.008181	-164.566160	138.682468	-164.566160	61.579767	80.335178	138.682468	80.335178	26.897699	376.424821	1.000000	
8744	-0.827664	0.543899	-0.138374	-0.071736	0.142009	0.987263	0.556621	0.827048	-0.078518	-49.250576	82.684840	-124.923305	2.931492	2.930707	4.675321	90.052922	89.951277	120.005314	37.503904	0.010521	0.011572	101.418556	1.000000	612.166558	-332.452504	13.828675	-332.452504	-314.013728	-226.786546	13.828675	-226.786546	231.629967	548.396872	-281.570829	14.720342	-281.570829	-328.354177	-317.153096	14.720342	-317.153096	305.668429	241.068681	1.000000	
6932	-0.363504	-0.919700	-0.148379	-0.351267	-0.012205	0.936196	-0.862830	0.392432	-0.318624	-71.941037	8.686578	-378.295568	2.927275	2.930059	4.672480	90.003941	89.849052	119.930626	136.207764	0.104036	0.094225	75.654033	0.985714	709.068586	-37.121849	811.932609	-37.121849	-1685.900985	-1009.247689	811.932609	-1009.247689	-14.041944	383.070828	4.972932	689.487176	4.972932	-979.682765	-172.953666	689.487176	-172.953666	295.597211	416.185195	1.000000	
5456	0.154556	-0.985539	-0.069457	-0.496610	-0.016720	-0.867813	0.854102	0.168619	-0.492013	-4.203116	-229.662261	-445.857932	2.925225	2.931673	4.679831	90.030642	90.072896	119.938804	58.154527	0.022248	0.022643	44.187792	1.000000	160.663801	563.516124	-1161.014553	563.516124	-403.172233	1133.643567	-1161.014553	1133.643567	595.157950	245.793739	749.810077	-1116.377422	749.810077	-244.215536	1120.656088	-1116.377422	1120.656088	383.865034	384.695287	1.000000	
6138	0.741186	-0.665512	-0.087963	-0.058990	-0.195096	0.979009	-0.668703	-0.720438	-0.183860	13.056852	153.103480	-527.163019	2.934484	2.933800	4.666418	89.846912	90.045969	120.058943	139.643359	0.084694	0.091992	46.637210	0.914286	1762.031815	-256.424458	399.787666	-256.424458	-2492.048805	-603.576304	399.787666	-603.576304	887.523995	1759.071619	31.001479	364.014509	31.001479	-1746.407008	-226.868186	364.014509	-226.868186	698.174097	414.670163	1.000000	
10740	-0.212843	0.973707	-0.081199	0.395622	0.009896	-0.918360	-0.893410	-0.227591	-0.387326	539.098123	-36.194130	-294.919655	2.928836	2.929327	4.676478	89.980321	89.937240	119.965515	78.423439	0.089056	0.075282	97.290455	1.000000	-366.142307	107.602926	-191.190121	107.602926	-471.593606	536.019420	-191.190121	536.019420	637.723442	-238.524149	-37.391332	46.549236	-37.391332	-589.872291	576.576599	46.549236	576.576599	676.418543	337.407479	1.000000	
4263	0.304993	0.934252	-0.184806	0.160488	0.140857	0.976936	0.938735	-0.327617	-0.106975	-166.066966	-48.084497	-337.715764	2.926213	2.930492	4.677293	90.061052	90.044593	120.018079	47.187871	0.016494	0.019509	58.233719	1.000000	436.645926	-720.962827	-87.195810	-720.962827	-163.046029	-737.870504	-87.195810	-737.870504	-1326.775733	265.923006	-662.994751	-54.689801	-662.994751	76.919614	-546.828435	-54.689801	-546.828435	-1299.861009	252.147321	1.000000	
11502	-0.631144	-0.743582	-0.220778	-0.710215	0.668419	-0.220929	0.311851	0.017362	-0.949972	-588.801599	-203.730660	-596.578267	2.926703	2.926726	4.680665	89.957213	90.054370	119.922218	69.569805	0.016992	0.025671	36.421400	0.717949	-38.200686	429.322891	207.318350	429.322891	-1485.676534	-37.813548	207.318350	-37.813548	1038.938900	-461.437021	233.680713	75.167612	233.680713	-1074.273206	55.681633	75.167612	55.681633	967.576606	373.371141	1.000000	
9097	-0.843112	0.526262	-0.110500	-0.240894	-0.185916	0.952578	0.480762	0.829749	0.283521	-36.118676	-253.285792	-158.689975	2.928227	2.926561	4.673522	89.954492	89.994616	119.830568	128.584368	0.021109	0.045240	25.623736	0.887097	-712.389552	422.076550	-1586.854495	422.076550	-629.986853	-72.051178	-1586.854495	-72.051178	713.416893	-774.053040	512.924162	-1693.844425	512.924162	-688.930833	-15.057979	-1693.844425	-15.057979	878.556537	708.233907	1.000000	
6192	0.885474	-0.119258	-0.449125	0.460752	0.099769	0.881904	-0.060365	-0.987838	0.143291	456.679007	-250.714211	-453.244671	2.928914	2.932355	4.675025	90.029226	89.964280	120.024301	89.518187	0.048387	0.040304	29.012410	0.867647	-740.898991	-5.262169	-44.139160	-5.262169	-162.078183	71.642569	-44.139160	71.642569	861.005915	-666.826093	-7.345509	144.871242	-7.345509	98.190723	313.167263	144.871242	313.167263	509.546777	631.552791	1.000000	
4943	-0.160877	0.985815	-0.047838	0.231615	0.084825	0.969102	0.959413	0.144826	-0.241976	103.468557	-128.053332	-459.208925	2.929348	2.929882	4.676548	90.004106	90.040961	120.048652	64.056251	0.027306	0.031093	155.387692	0.986111	57.287379	-22.745999	-225.639216	-22.745999	-163.716750	-607.125225	-225.639216	-607.125225	-551.584545	74.429341	-109.883635	-345.734551	-109.883635	-122.969423	-700.575553	-345.734551	-700.575553	-573.050158	455.133204	1.000000	
7210	-0.667697	-0.737401	-0.102082	0.001086	-0.138092	0.990419	-0.744432	0.661189	0.093005	428.294082	28.347704	-108.229293	2.932101	2.931815	4.674334	89.921105	90.041905	120.010663	42.333002	0.025882	0.022855	63.787737	1.000000	584.962476	-387.385074	-102.113051	-387.385074	-547.120907	356.293600	-102.113051	356.293600	812.389630	539.421490	-338.752280	-151.340228	-338.752280	-569.753899	89.085505	-151.340228	89.085505	872.545847	246.015713	1.000000	
7789	0.605433	0.791405	-0.084431	-0.107853	0.186685	0.976482	0.788554	-0.582088	0.198381	-199.602842	-224.475647	-364.715433	2.929582	2.930553	4.674885	90.061780	89.930216	120.029455	69.221856	0.041590	0.041683	104.153850	1.000000	-167.436807	-99.567254	-426.136944	-99.567254	-519.016491	512.621390	-426.136944	512.621390	174.927897	-141.734991	-131.990809	-302.962650	-131.990809	-294.566702	294.811925	-302.962650	294.811925	35.156210	303.354278	1.000000	
7766	-0.937504	-0.310130	-0.157818	-0.072716	-0.268917	0.960414	-0.340293	0.911868	0.229560	-579.183141	-209.639393	-206.032604	2.927931	2.931433	4.674945	89.940888	89.996293	120.014659	64.250099	0.024851	0.030141	56.126587	0.823529	-434.019729	-350.339811	-729.434101	-350.339811	-501.944908	115.016246	-729.434101	115.016246	323.405257	-598.680278	-337.046993	-654.748011	-337.046993	-141.914161	-126.531656	-654.748011	-126.531656	222.267965	354.721170	1.000000	
10222	-0.442205	0.475784	0.760318	0.339602	-0.695772	0.632907	0.830135	0.538081	0.146097	-244.748339	-235.130449	-494.926180	2.931085	2.928632	4.676644	89.949436	90.043079	119.991710	60.637296	0.022938	0.023976	63.746126	1.000000	561.256043	-33.430816	-190.406725	-33.430816	-512.966220	382.383440	-190.406725	382.383440	54.585646	482.871076	74.746375	-134.421026	74.746375	-707.430597	125.377784	-134.421026	125.377784	238.070032	262.112233	1.000000	
4225	0.247789	0.920592	-0.301847	0.304975	0.221604	0.926219	0.919560	-0.321562	-0.225846	512.366296	-189.541780	-97.734807	2.930518	2.928348	4.676669	90.042722	90.031541	119.998601	70.509933	0.022120	0.024109	44.054964	0.985714	-260.529492	-568.533978	282.830104	-568.533978	-387.005527	-240.871280	282.830104	-240.871280	395.529836	-212.099506	-472.260103	444.923492	-472.260103	-455.741150	-387.572181	444.923492	-387.572181	200.515579	460.345026	1.000000	
10485	0.927948	-0.364959	-0.075610	0.129816	0.126325	0.983458	-0.349371	-0.922414	0.164600	287.802411	138.144980	-497.447204	2.934534	2.934723	4.667610	89.948115	90.076242	120.015859	200.337788	0.136503	0.127254	40.864404	0.720588	1575.784360	-405.941254	115.995570	-405.941254	-1727.798370	-763.419187	115.995570	-763.419187	1334.921448	954.432380	-322.724896	-535.083540	-322.724896	-1585.401050	-605.679974	-535.083540	-605.679974	2225.538210	579.125495	1.000000	
6425	-0.676271	0.690723	-0.256047	0.482299	0.152431	-0.862643	-0.556817	-0.706871	-0.436219	-584.729879	-92.303681	-311.515330	2.927170	2.929310	4.683422	90.107594	90.006131	119.969755	156.490848	0.068355	0.066726	52.696156	0.727273	-632.647338	964.093278	-65.614266	964.093278	1824.477779	-81.931154	-65.614266	-81.931154	-525.369786	-526.012254	675.048979	142.664981	675.048979	300.809516	496.006278	142.664981	496.006278	348.451701	494.334708	1.000000	
10253	-0.848887	0.446802	0.282416	-0.362862	-0.104092	-0.926011	-0.384347	-0.888556	0.250490	301.539348	91.394029	-85.987243	2.933576	2.931368	4.676495	89.989440	90.011688	120.021237	72.447944	0.025275	0.028182	38.936435	1.000000	1184.884573	210.691553	-77.991911	210.691553	153.898492	74.129306	-77.991911	74.129306	218.768705	1266.734980	324.213236	-6.940058	324.213236	-408.209703	-75.498054	-6.940058	-75.498054	445.546931	369.612214	1.000000	
10106	0.149434	-0.985935	-0.074842	0.156886	-0.051091	0.986294	-0.976246	-0.159128	0.147045	234.711595	123.545007	-399.315667	2.934689	2.933135	4.673275	89.953713	90.120556	120.026075	67.885263	0.054399	0.043671	104.942946	1.000000	1260.004636	-333.542805	-524.475647	-333.542805	-891.003511	564.692125	-524.475647	564.692125	1431.859542	1157.948173	-379.241259	-413.410370	-379.241259	-748.964051	97.910566	-413.410370	97.910566	1400.216237	369.804357	1.000000	
6070	-0.083720	0.987049	0.136839	0.057688	0.141892	-0.988200	-0.994818	-0.074838	-0.068820	-256.103545	100.969886	-560.283431	2.930939	2.935235	4.676712	89.890636	90.017765	120.077588	117.431003	0.037854	0.053629	59.400097	1.000000	2030.020932	-657.141441	-46.725920	-657.141441	-152.610785	480.029143	-46.725920	480.029143	-424.392213	2191.375082	-638.300120	-14.778088	-638.300120	-574.859781	689.862007	-14.778088	689.862007	-345.844356	320.611629	1.000000	
4917	0.692757	-0.719678	0.046371	-0.137413	-0.194848	-0.971160	0.707958	0.666406	-0.233875	-455.964259	-188.209109	-119.960086	2.927790	2.929604	4.676630	90.029400	89.978032	119.967338	58.817277	0.032912	0.032211	97.331813	1.000000	-714.541101	-226.886129	-227.875881	-226.886129	40.891154	84.678274	-227.875881	84.678274	226.119696	-880.225463	-152.786600	-326.289810	-152.786600	23.212692	-142.370909	-326.289810	-142.370909	293.773810	331.290533	1.000000	
8547	-0.327272	0.902745	-0.279185	-0.278516	0.190174	0.941415	0.902952	0.385856	0.189191	372.529374	-179.123388	-336.841008	2.930780	2.929749	4.675947	90.049466	89.939488	120.028271	40.779375	0.013542	0.015925	90.046239	1.000000	414.433387	-325.776279	-402.748688	-325.776279	-340.384555	85.642085	-402.748688	85.642085	-211.868392	418.068557	-382.929352	-366.498980	-382.929352	-319.557958	91.716354	-366.498980	91.716354	-154.542274	259.501508	1.000000	
6207	0.907646	-0.398921	-0.130540	0.087661	-0.123986	0.988404	-0.410480	-0.908565	-0.077565	-38.281812	39.565898	-460.693441	2.932169	2.930971	4.674501	89.914985	90.068367	120.116314	72.923866	0.047141	0.037454	55.209086	0.969697	648.113473	-318.744459	1142.299517	-318.744459	-534.911694	-440.037498	1142.299517	-440.037498	-559.695783	686.583080	-344.435170	944.879000	-344.435170	-302.934528	103.718335	944.879000	103.718335	-712.001243	269.154427	1.000000	
10120	-0.438301	-0.621987	-0.648865	-0.523270	-0.410380	0.746844	-0.730808	0.666874	-0.145597	-137.155162	97.404352	-541.786380	2.930797	2.928150	4.681087	90.031678	89.881688	120.002676	102.059237	0.025293	0.039527	39.033352	1.000000	461.406869	-698.259749	1044.817529	-698.259749	-204.744983	-475.531960	1044.817529	-475.531960	421.481695	301.796010	-730.080486	810.943669	-730.080486	352.008373	-192.607487	810.943669	-192.607487	245.776750	405.539767	1.000000	
10133	-0.420319	-0.668225	-0.613846	-0.502999	-0.391458	0.770554	-0.755198	0.632642	-0.171579	-106.130272	125.728903	-554.658012	2.929766	2.929925	4.675881	90.021204	89.971589	119.979434	163.933850	0.106521	0.112847	38.372625	0.937500	43.761329	188.189864	239.711873	188.189864	49.829969	-135.021186	239.711873	-135.021186	-38.850242	-43.167736	-166.714399	28.267537	-166.714399	126.826272	-372.140424	28.267537	-372.140424	26.299172	663.157023	1.000000	
8814	0.247857	0.945557	0.210924	-0.486825	-0.066671	0.870951	0.837597	-0.318555	0.443796	-165.864708	-81.200493	-488.014701	2.927588	2.929922	4.676933	89.987013	89.971888	119.997669	41.087338	0.015804	0.016969	129.953462	1.000000	133.849375	142.792048	176.850033	142.792048	-347.082708	563.434658	176.850033	563.434658	-435.404034	59.626732	149.234065	174.363186	149.234065	-279.306312	614.024515	174.363186	614.024515	-452.480992	224.685404	1.000000	
8696	0.438687	-0.886105	0.149573	0.147735	-0.093066	-0.984639	0.886413	0.454045	0.090081	79.369359	6.643984	-113.169978	2.931699	2.929314	4.675638	89.993877	89.906221	120.023038	45.444802	0.018319	0.022372	67.869904	1.000000	333.643150	-261.727208	650.425546	-261.727208	-352.563889	-792.859634	650.425546	-792.859634	31.728583	299.515886	-211.547692	580.434419	-211.547692	-357.649666	-796.950120	580.434419	-796.950120	48.782639	336.229636	1.000000	
10137	0.900675	-0.434478	0.003751	-0.116534	-0.233239	0.965412	-0.418575	-0.869959	-0.260704	559.663351	140.401242	-350.887849	2.935215	2.936060	4.670116	89.920118	90.016181	120.144917	295.194702	0.121796	0.166123	30.903651	0.703125	1570.086352	275.491186	1396.325280	275.491186	-1508.918790	-112.439465	1396.325280	-112.439465	1040.266561	922.593114	-57.794048	1015.881197	-57.794048	-1623.119385	-697.743068	1015.881197	-697.743068	1446.337368	749.991221	1.000000	
5451	-0.899199	0.419366	0.124794	-0.088635	-0.453894	0.886636	0.428468	0.786201	0.445312	-80.934658	-193.073456	-106.654042	2.929284	2.929388	4.677285	89.968408	90.001906	119.964739	36.777021	0.011133	0.014191	73.855263	1.000000	-185.800989	168.334860	-235.063760	168.334860	-61.260606	270.552875	-235.063760	270.552875	401.870039	-243.861034	226.195868	-251.609326	226.195868	-140.387952	252.833307	-251.609326	252.833307	353.096564	232.437189	1.000000	
9034	-0.359643	0.931369	-0.056642	-0.088115	0.026533	0.995757	0.928920	0.363108	0.072525	-516.725849	-115.085631	-150.101734	2.928064	2.926422	4.677656	90.015669	89.989105	119.947751	61.669343	0.037044	0.034116	54.746349	1.000000	-1257.022266	-217.515929	-162.111578	-217.515929	314.091412	-0.129395	-162.111578	-0.129395	-80.470841	-1206.423092	-69.706940	28.356009	-69.706940	367.319830	29.545638	28.356009	29.545638	-299.901106	396.157148	1.000000	
6255	0.923096	-0.384013	-0.020668	-0.062772	-0.203477	0.977065	-0.379411	-0.900628	-0.211934	482.781681	-219.147909	-331.797621	2.929626	2.930343	4.672157	89.876203	90.075962	119.944133	79.672471	0.020309	0.032182	31.363597	0.942857	13.468609	-619.339335	-364.601291	-619.339335	-1196.572764	-572.862684	-364.601291	-572.862684	889.287576	216.536455	-709.288418	-338.187633	-709.288418	-1361.138768	-559.308455	-338.187633	-559.308455	902.582671	393.411671	1.000000	
3702	0.899943	0.435708	-0.016127	-0.125313	0.223048	-0.966719	-0.417610	0.872014	0.255331	427.574074	95.140479	-288.922923	2.929955	2.934123	4.673803	89.871565	90.096685	119.947265	175.676713	0.114547	0.126065	60.367647	1.000000	1361.209823	4.498315	899.463196	4.498315	-992.823995	-758.558470	899.463196	-758.558470	1060.447605	1133.055261	72.111558	900.780537	72.111558	-599.052232	-490.366894	900.780537	-490.366894	563.856909	735.469908	1.000000	
4429	0.252533	0.963404	0.089889	-0.352493	0.005084	0.935801	0.901097	-0.268006	0.340877	-540.194624	-197.946657	-494.485075	2.930126	2.928874	4.677790	90.023836	89.921171	120.012538	56.714953	0.032519	0.028475	68.018654	0.930556	-477.668902	65.107371	-45.548138	65.107371	-139.975419	658.983015	-45.548138	658.983015	510.405509	-408.761777	-49.895454	129.059403	-49.895454	-210.944754	585.086460	129.059403	585.086460	468.568307	375.624209	1.000000	
11111	0.991973	0.108303	-0.065266	0.057919	0.069653	0.995889	0.112403	-0.991675	0.062821	-522.668811	74.578296	-521.210782	2.930456	2.932444	4.672936	89.939118	90.041095	119.972404	142.572190	0.072039	0.066732	77.373107	1.000000	533.818027	57.589190	-430.749352	57.589190	-600.714317	-653.975339	-430.749352	-653.975339	657.504429	216.943463	195.485389	-674.104203	195.485389	-577.719890	-17.836086	-674.104203	-17.836086	879.453372	464.173516	1.000000	
5569	-0.838734	-0.028888	0.543775	-0.536411	0.215750	-0.815914	-0.093749	-0.976021	-0.196453	-353.866840	-218.519295	-613.154856	2.928142	2.928914	4.677778	90.014687	90.042025	120.029180	131.989017	0.052689	0.062513	25.838110	0.750000	-98.575342	-758.366820	-257.754027	-758.366820	-394.345851	-187.989876	-257.754027	-187.989876	-447.671674	-298.222275	-686.148228	-313.823530	-686.148228	-426.230629	-210.076894	-313.823530	-210.076894	-166.023600	728.562017	1.000000	
6091	-0.908939	-0.369491	0.193148	-0.294194	0.240130	-0.925088	0.295431	-0.897671	-0.326966	119.213591	81.179627	-262.334794	2.935653	2.934769	4.673671	89.924301	90.003414	120.114533	164.945910	0.051835	0.068278	28.484343	0.700000	-107.960854	803.201046	-315.582238	803.201046	-234.961682	-503.448182	-315.582238	-503.448182	2221.185865	304.791030	925.091360	-105.923170	925.091360	-606.755110	-440.602870	-105.923170	-440.602870	1957.048642	673.650597	1.000000	
5417	-0.527386	-0.845173	-0.086872	-0.253197	0.253944	-0.933490	0.811021	-0.470313	-0.347922	-391.779521	-142.928979	-148.092701	2.930653	2.927883	4.679107	90.010776	90.051941	120.043933	37.233867	0.015655	0.017228	70.166043	1.000000	-1224.647383	-244.010006	17.015891	-244.010006	355.543930	480.713976	17.015891	480.713976	568.875094	-1327.264238	-174.821483	51.876690	-174.821483	517.922130	336.363257	51.876690	336.363257	579.631635	230.852465	1.000000	
6109	-0.876354	0.481076	0.023848	0.065814	0.168643	-0.983478	-0.477150	-0.860305	-0.179452	-185.720759	-127.660415	-118.578322	2.928331	2.930321	4.677335	89.962723	90.017460	120.019266	39.836901	0.014914	0.014991	81.984538	1.000000	-577.632281	-98.796016	-384.020744	-98.796016	146.403926	321.782377	-384.020744	321.782377	41.145619	-565.313007	-64.211697	-358.865560	-64.211697	204.587714	314.433130	-358.865560	314.433130	33.821969	267.917776	1.000000	
3832	0.273885	0.220044	0.936252	-0.334485	0.934499	-0.121784	-0.901724	-0.279808	0.329546	-488.444027	-216.793589	-322.930077	2.927955	2.928348	4.676960	89.992068	89.976071	119.939723	72.156533	0.030471	0.029559	84.317714	1.000000	367.568141	-64.189017	-266.113984	-64.189017	-845.557845	-286.969857	-266.113984	-286.969857	6.459233	158.004490	-176.789206	-2.092223	-176.789206	-544.138919	-87.007188	-2.092223	-87.007188	8.285343	280.887889	1.000000	
6285	0.900390	-0.434793	0.015895	-0.122978	-0.219285	0.967879	-0.417341	-0.873424	-0.250912	292.739741	-205.650776	-337.786903	2.933864	2.935734	4.666691	89.927429	90.160829	120.131822	320.707242	0.115478	0.158604	52.644869	0.703125	1066.597009	-1065.289567	1693.855494	-1065.289567	-1813.446654	637.616112	1693.855494	637.616112	673.847484	1002.350413	-585.130424	986.107827	-585.130424	-1407.134512	471.861685	986.107827	471.861685	1003.016166	1035.617921	1.000000	
10474	0.007918	-0.999843	-0.015874	-0.181524	-0.017048	0.983239	-0.983355	-0.004904	-0.181630	-404.673604	-141.510085	-511.340329	2.929393	2.930076	4.676273	89.975744	89.968955	120.034548	38.776984	0.010328	0.013038	108.895844	1.000000	36.121910	-245.235302	-181.191153	-245.235302	-146.437644	-516.499277	-181.191153	-516.499277	-382.558099	45.393986	-120.948949	-190.723581	-120.948949	-132.726879	-373.831127	-190.723581	-373.831127	-406.455985	255.125924	1.000000	
5305	0.222915	-0.971320	-0.082742	-0.331481	0.004294	-0.943452	0.916750	0.237737	-0.321017	-123.645593	-13.924103	-576.273092	2.929423	2.932777	4.678731	90.005319	90.065620	120.113866	42.455013	0.024467	0.025423	96.703499	1.000000	1135.974992	8.785746	163.502782	8.785746	-75.247115	1162.534416	163.502782	1162.534416	-897.238449	1070.504097	114.641408	338.739194	114.641408	-190.711595	1190.779722	338.739194	1190.779722	-869.489416	331.865762	1.000000	
4948	0.819012	-0.527819	0.225004	0.388619	0.221782	-0.894309	0.422131	0.819890	0.386763	156.758787	59.009771	-187.498242	2.932276	2.929184	4.677382	89.947641	89.954181	120.014904	104.899155	0.047543	0.054863	90.175296	1.000000	891.155468	-42.997271	455.246878	-42.997271	-460.670079	-683.140572	455.246878	-683.140572	190.296424	1000.353489	85.135041	446.833274	85.135041	-485.601754	-550.724882	446.833274	-550.724882	197.869209	299.381684	1.000000	
8191	-0.061107	-0.979146	0.193749	0.332623	-0.202992	-0.920954	0.941078	0.008168	0.338091	510.325750	-174.259667	-242.798354	2.930741	2.928574	4.674150	90.018202	89.900229	119.985108	75.781242	0.031007	0.038837	46.883310	0.916667	-452.051992	-30.984466	230.245706	-30.984466	-937.489947	-405.278052	230.245706	-405.278052	887.138745	-506.674435	-80.853546	-57.522866	-80.853546	-892.146070	-306.662378	-57.522866	-306.662378	895.040923	509.676976	1.000000	
5652	-0.652286	-0.624841	-0.429064	0.000039	-0.566096	0.824339	-0.757973	0.537688	0.369281	-196.394049	139.821706	-583.544275	2.928508	2.927884	4.674428	90.030078	89.944650	119.892369	97.903989	0.024749	0.034317	22.913189	0.800000	698.274149	48.269620	845.638277	48.269620	-229.616809	172.618858	845.638277	172.618858	-975.643189	524.900969	-16.365687	769.730286	-16.365687	192.645321	59.903326	769.730286	59.903326	-957.849942	648.188824	1.000000	
8859	0.061927	0.996672	-0.053013	-0.090566	0.058507	0.994170	0.993963	-0.056764	0.093888	-73.583217	-155.483425	-142.465510	2.931139	2.928611	4.674418	89.993694	89.946581	120.102336	159.977035	0.028142	0.055109	28.182157	0.781250	-624.969578	186.065438	-1159.919627	186.065438	-446.669388	509.629019	-1159.919627	509.629019	-407.279020	-798.967230	139.504161	-788.582924	139.504161	-134.311205	408.875978	-788.582924	408.875978	-187.463304	890.174946	1.000000	
6417	-0.067191	0.997684	-0.010599	0.203894	0.003331	-0.978987	-0.976685	-0.067940	-0.203645	340.762584	130.954205	-237.934464	2.935125	2.933333	4.672428	89.975905	89.952676	120.057940	76.442093	0.027985	0.037344	46.072759	1.000000	1225.445046	-326.595658	631.816366	-326.595658	-945.702754	185.243425	631.816366	185.243425	1235.596711	1027.551689	-271.455849	496.990926	-271.455849	-804.595294	-186.087415	496.990926	-186.087415	1142.724457	493.995208	1.000000	
9303	-0.837810	0.543951	0.046805	-0.099194	-0.235961	0.966687	0.536875	0.805257	0.251647	279.336192	65.679431	-189.706622	2.932634	2.931201	4.675936	89.961598	90.017793	120.010642	48.739183	0.012385	0.017047	101.826727	1.000000	906.268336	139.071464	-31.589563	139.071464	-168.731461	167.894476	-31.589563	167.894476	428.824476	946.943194	182.111434	-32.379182	182.111434	-391.385850	497.471142	-32.379182	497.471142	514.208499	255.118367	1.000000	
5514	-0.611629	-0.637500	-0.468513	0.027384	-0.608900	0.792774	-0.790671	0.472054	0.389878	439.357568	-79.059562	-567.216080	2.927284	2.929772	4.680121	90.020240	90.017977	119.990943	70.860106	0.034174	0.033898	107.572739	1.000000	-170.728530	-40.903645	-422.546835	-40.903645	658.257436	616.626698	-422.546835	616.626698	-541.819977	-363.752122	24.799591	-393.857688	24.799591	697.678475	473.140186	-393.857688	473.140186	-333.387418	284.862237	1.000000	
5624	-0.476540	-0.872585	-0.107259	-0.336576	0.293784	-0.894655	0.812174	-0.390238	-0.433691	475.224364	-158.342876	-504.781385	2.929674	2.927884	4.678621	89.940070	90.083965	120.007879	58.305626	0.023023	0.030420	74.285957	1.000000	-748.711443	308.568124	135.405981	308.568124	-206.720549	685.750081	135.405981	685.750081	580.446107	-936.209850	254.069043	190.938969	254.069043	-61.427327	573.301515	190.938969	573.301515	616.454642	315.040103	1.000000	
8530	-0.392339	-0.919731	0.012826	-0.049291	0.007099	-0.998759	0.918499	-0.392484	-0.048120	21.723450	-174.117018	-309.897535	2.928278	2.927956	4.677554	89.950422	90.035702	119.928475	43.915409	0.020351	0.020830	81.858251	1.000000	-151.517771	382.512532	-695.248078	382.512532	292.993773	296.156113	-695.248078	296.156113	-396.742952	-170.739613	417.039556	-720.287387	417.039556	173.481940	316.544765	-720.287387	316.544765	-373.274811	266.674109	1.000000	
10500	0.085244	-0.996135	0.021160	-0.202120	0.003507	0.979355	-0.975644	-0.087761	-0.201039	-397.424174	-236.246049	-460.727480	2.930541	2.928705	4.677238	89.976884	90.029007	120.010550	47.089437	0.019708	0.023701	78.203423	1.000000	-400.639448	-260.402031	-262.662066	-260.402031	308.124427	107.199733	-262.662066	107.199733	-27.742407	-548.600242	-110.040008	-270.142114	-110.040008	151.590840	-14.421407	-270.142114	-14.421407	70.693691	338.293451	1.000000	
6175	-0.998013	0.009896	-0.062222	0.062174	0.314449	-0.947236	0.010192	-0.949223	-0.314439	-264.029060	141.289498	-236.468242	2.933171	2.930930	4.669002	89.907475	90.051446	119.887266	88.879200	0.034930	0.041586	30.145217	0.785714	2180.365793	-538.523171	697.930212	-538.523171	-1767.235202	60.186730	697.930212	60.186730	602.555007	2050.998100	-566.873477	644.970488	-566.873477	-1494.911563	-244.793683	644.970488	-244.793683	403.501974	486.427448	1.000000	
7956	-0.792151	-0.503208	-0.345368	0.133097	-0.694685	0.706893	-0.595636	0.513999	0.617271	54.575761	-200.884085	-103.043029	2.928586	2.929422	4.680747	90.041279	89.999840	120.033877	41.750285	0.016421	0.015451	61.904217	1.000000	-856.600896	-161.077528	-292.413869	-161.077528	740.997687	560.127936	-292.413869	560.127936	87.850272	-956.544634	-132.125970	-364.845538	-132.125970	637.096575	496.447985	-364.845538	496.447985	86.279026	259.408577	1.000000	
6194	-0.933346	0.356538	-0.041786	0.119403	0.198562	-0.972788	-0.338539	-0.912937	-0.227899	208.685751	-276.472311	-536.035151	2.929412	2.928975	4.675224	89.944002	90.025982	120.027188	89.099637	0.074833	0.073433	33.320884	0.882353	-285.020966	-94.664787	-259.219805	-94.664787	-404.581568	508.379967	-259.219805	508.379967	-322.815707	-371.329369	-17.513089	-191.712520	-17.513089	-226.439493	486.154380	-191.712520	486.154380	-338.018054	519.284798	1.000000	
